0.054386689713327566
0.060330883650684515
0.0624395035507653
0.062471748861173224
0.06060322605615417
0.06252802515485015
0.06364007409218118
0.06274309506285751
0.06377646770222639
0.0638016324979524
0.06384573957479865
0.06455052642187467
0.06458822108811935
0.06461626197859484
0.06505852737880442
0.06543177633415737
0.06544535831763407
0.06549201139126416
0.06577425105966823
0.06597990761009037
0.06597447346493719
0.06591291412998398
0.06612268867415332
0.06630331874311027
0.0664650344543887
0.06658741125653193
0.0666000566700222
0.06670884669089645
0.066893733832484
0.0669375517680095
0.06693907227349785
0.06699504702413314
0.06713309341602051
0.06722030178258358
0.06725681001290396
0.0672764807740371
0.0673141133564513
0.06734111547995707
0.0673282484577963
0.0671180969314107
