-9.99999348141187e-09
-9.999992895728015e-09
-9.999994824587805e-09
-9.99999457401677e-09
-9.999993944525164e-09
-9.999993137126377e-09
-9.999993722829624e-09
-9.999994864759454e-09
-9.999994138528152e-09
-9.999992823568367e-09
-9.999994900422339e-09
-9.999992374408007e-09
-9.999993507271824e-09
-9.999994557591287e-09
-9.99999437809392e-09
-9.999993349600762e-09
-9.999994757586572e-09
-9.99999518857612e-09
-9.999994250122534e-09
-9.999995272254938e-09
-9.999995070514325e-09
-9.999995785604611e-09
-9.999995027996176e-09
-9.999996112339855e-09
-9.999995461681287e-09
-9.999995167651567e-09
-9.99999421773699e-09
-9.999995766037536e-09
-9.999996989706931e-09
-9.999997982653559e-09
-9.999997130913726e-09
-9.999996329836908e-09
-9.999998274094375e-09
-9.999996966717074e-09
-9.999997509979742e-09
-9.999998087014523e-09
-9.999998444205753e-09
-9.999997484284625e-09
-9.999997740692814e-09
-1.0000000258378049e-08
